MatMul形状检查

dx = np.dot(dout, W.T)
N*H  x H*D

dW = np.dot(self.x.T, dout)
D*N x N*H


Win 7x3
x: 2x7 x.T: 7x2
out: 2x3

x
[[1, 0, 0, 0, 0, 0, 0],
 [0, 0, 1, 0, 0, 0, 0]]
----
[[1, 0, 0, 0, 0, 0, 0]


Win
[[1, 2, 3],
[2, 3, 4],
[3, 4, 5],
[4, 5, 6],
[5, 6, 7],
[6, 7, 8],
[7, 8, 9]]


out: -> dout same shape
[[1, 2, 3],
 [3, 4, 5],
-------
1x3
[[1, 2, 3]]


x.T
[[1, 0],
[0, 0],
[0, 1],
[0, 0],
[0, 0],
[0, 0],
[0, 0]]
-----
7x1
[[1],
[0],
[0],
[0],
[0],
[0],
[0]]

dW = x.T * dout
[[1, 2, 3],
[0, 0, 0],
[3, 4, 5],
[0, 0, 0],
[0, 0, 0],
[0, 0, 0],
[0, 0, 0]]
-----
[[1, 2, 3],
[0, 0, 0],
[0, 0, 0],
[0, 0, 0],
[0, 0, 0],
[0, 0, 0],
[0, 0, 0]]
